15 100
15 106
15 114
15 121
15 130
15 138
15 148
15 158
15 169
15 180
15 192
15 205
15 219
15 234
15 250
15 267
15 286
15 305
15 326
15 348
15 372
15 397
15 424
15 453
15 483
15 516
15 551
15 589
15 629
15 671
15 717
15 766
15 818
15 873
15 933
15 996
15 1064
15 1136
15 1213
15 1296
15 1384
15 1478
15 1578
15 1685
15 1800
15 1922
15 2052
15 2192
15 2341
15 2499
20 100
20 106
20 114
20 121
20 130
20 138
20 148
20 158
20 169
20 180
20 192
20 205
20 219
20 234
20 250
20 267
20 286
20 305
20 326
20 348
20 372
20 397
20 424
20 453
20 483
20 516
20 551
20 589
20 629
20 671
20 717
20 766
20 818
20 873
20 933
20 996
20 1064
20 1136
20 1213
20 1296
20 1384
20 1478
20 1578
20 1685
20 1800
20 1922
20 2052
20 2192
20 2341
20 2499
25 100
25 106
25 114
25 121
25 130
25 138
25 148
25 158
25 169
25 180
25 192
25 205
25 219
25 234
25 250
25 267
25 286
25 305
25 326
25 348
25 372
25 397
25 424
25 453
25 483
25 516
25 551
25 589
25 629
25 671
25 717
25 766
25 818
25 873
25 933
25 996
25 1064
25 1136
25 1213
25 1296
25 1384
25 1478
25 1578
25 1685
25 1800
25 1922
25 2052
25 2192
25 2341
25 2499
30 100
30 106
30 114
30 121
30 130
30 138
30 148
30 158
30 169
30 180
30 192
30 205
30 219
30 234
30 250
30 267
30 286
30 305
30 326
30 348
30 372
30 397
30 424
30 453
30 483
30 516
30 551
30 589
30 629
30 671
30 717
30 766
30 818
30 873
30 933
30 996
30 1064
30 1136
30 1213
30 1296
30 1384
30 1478
30 1578
30 1685
30 1800
30 1922
30 2052
30 2192
30 2341
30 2499
35 100
35 106
35 114
35 121
35 130
35 138
35 148
35 158
35 169
35 180
35 192
35 205
35 219
35 234
35 250
35 267
35 286
35 305
35 326
35 348
35 372
35 397
35 424
35 453
35 483
35 516
35 551
35 589
35 629
35 671
35 717
35 766
35 818
35 873
35 933
35 996
35 1064
35 1136
35 1213
35 1296
35 1384
35 1478
35 1578
35 1685
35 1800
35 1922
35 2052
35 2192
35 2341
35 2499
40 100
40 106
40 114
40 121
40 130
40 138
40 148
40 158
40 169
40 180
40 192
40 205
40 219
40 234
40 250
40 267
40 286
40 305
40 326
40 348
40 372
40 397
40 424
40 453
40 483
40 516
40 551
40 589
40 629
40 671
40 717
40 766
40 818
40 873
40 933
40 996
40 1064
40 1136
40 1213
40 1296
40 1384
40 1478
40 1578
40 1685
40 1800
40 1922
40 2052
40 2192
40 2341
40 2499
45 100
45 106
45 114
45 121
45 130
45 138
45 148
45 158
45 169
45 180
45 192
45 205
45 219
45 234
45 250
45 267
45 286
45 305
45 326
45 348
45 372
45 397
45 424
45 453
45 483
45 516
45 551
45 589
45 629
45 671
45 717
45 766
45 818
45 873
45 933
45 996
45 1064
45 1136
45 1213
45 1296
45 1384
45 1478
45 1578
45 1685
45 1800
45 1922
45 2052
45 2192
45 2341
45 2499
50 100
50 106
50 114
50 121
50 130
50 138
50 148
50 158
50 169
50 180
50 192
50 205
50 219
50 234
50 250
50 267
50 286
50 305
50 326
50 348
50 372
50 397
50 424
50 453
50 483
50 516
50 551
50 589
50 629
50 671
50 717
50 766
50 818
50 873
50 933
50 996
50 1064
50 1136
50 1213
50 1296
50 1384
50 1478
50 1578
50 1685
50 1800
50 1922
50 2052
50 2192
50 2341
50 2499
55 100
55 106
55 114
55 121
55 130
55 138
55 148
55 158
55 169
55 180
55 192
55 205
55 219
55 234
55 250
55 267
55 286
55 305
55 326
55 348
55 372
55 397
55 424
55 453
55 483
55 516
55 551
55 589
55 629
55 671
55 717
55 766
55 818
55 873
55 933
55 996
55 1064
55 1136
55 1213
55 1296
55 1384
55 1478
55 1578
55 1685
55 1800
55 1922
55 2052
55 2192
55 2341
55 2499
60 100
60 106
60 114
60 121
60 130
60 138
60 148
60 158
60 169
60 180
60 192
60 205
60 219
60 234
60 250
60 267
60 286
60 305
60 326
60 348
60 372
60 397
60 424
60 453
60 483
60 516
60 551
60 589
60 629
60 671
60 717
60 766
60 818
60 873
60 933
60 996
60 1064
60 1136
60 1213
60 1296
60 1384
60 1478
60 1578
60 1685
60 1800
60 1922
60 2052
60 2192
60 2341
60 2499
65 100
65 106
65 114
65 121
65 130
65 138
65 148
65 158
65 169
65 180
65 192
65 205
65 219
65 234
65 250
65 267
65 286
65 305
65 326
65 348
65 372
65 397
65 424
65 453
65 483
65 516
65 551
65 589
65 629
65 671
65 717
65 766
65 818
65 873
65 933
65 996
65 1064
65 1136
65 1213
65 1296
65 1384
65 1478
65 1578
65 1685
65 1800
65 1922
65 2052
65 2192
65 2341
65 2499
70 100
70 106
70 114
70 121
70 130
70 138
70 148
70 158
70 169
70 180
70 192
70 205
70 219
70 234
70 250
70 267
70 286
70 305
70 326
70 348
70 372
70 397
70 424
70 453
70 483
70 516
70 551
70 589
70 629
70 671
70 717
70 766
70 818
70 873
70 933
70 996
70 1064
70 1136
70 1213
70 1296
70 1384
70 1478
70 1578
70 1685
70 1800
70 1922
70 2052
70 2192
70 2341
70 2499
75 100
75 106
75 114
75 121
75 130
75 138
75 148
75 158
75 169
75 180
75 192
75 205
75 219
75 234
75 250
75 267
75 286
75 305
75 326
75 348
75 372
75 397
75 424
75 453
75 483
75 516
75 551
75 589
75 629
75 671
75 717
75 766
75 818
75 873
75 933
75 996
75 1064
75 1136
75 1213
75 1296
75 1384
75 1478
75 1578
75 1685
75 1800
75 1922
75 2052
75 2192
75 2341
75 2499
80 100
80 106
80 114
80 121
80 130
80 138
80 148
80 158
80 169
80 180
80 192
80 205
80 219
80 234
80 250
80 267
80 286
80 305
80 326
80 348
80 372
80 397
80 424
80 453
80 483
80 516
80 551
80 589
80 629
80 671
80 717
80 766
80 818
80 873
80 933
80 996
80 1064
80 1136
80 1213
80 1296
80 1384
80 1478
80 1578
80 1685
80 1800
80 1922
80 2052
80 2192
80 2341
80 2499
85 100
85 106
85 114
85 121
85 130
85 138
85 148
85 158
85 169
85 180
85 192
85 205
85 219
85 234
85 250
85 267
85 286
85 305
85 326
85 348
85 372
85 397
85 424
85 453
85 483
85 516
85 551
85 589
85 629
85 671
85 717
85 766
85 818
85 873
85 933
85 996
85 1064
85 1136
85 1213
85 1296
85 1384
85 1478
85 1578
85 1685
85 1800
85 1922
85 2052
85 2192
85 2341
85 2499
90 100
90 106
90 114
90 121
90 130
90 138
90 148
90 158
90 169
90 180
90 192
90 205
90 219
90 234
90 250
90 267
90 286
90 305
90 326
90 348
90 372
90 397
90 424
90 453
90 483
90 516
90 551
90 589
90 629
90 671
90 717
90 766
90 818
90 873
90 933
90 996
90 1064
90 1136
90 1213
90 1296
90 1384
90 1478
90 1578
90 1685
90 1800
90 1922
90 2052
90 2192
90 2341
90 2499
95 100
95 106
95 114
95 121
95 130
95 138
95 148
95 158
95 169
95 180
95 192
95 205
95 219
95 234
95 250
95 267
95 286
95 305
95 326
95 348
95 372
95 397
95 424
95 453
95 483
95 516
95 551
95 589
95 629
95 671
95 717
95 766
95 818
95 873
95 933
95 996
95 1064
95 1136
95 1213
95 1296
95 1384
95 1478
95 1578
95 1685
95 1800
95 1922
95 2052
95 2192
95 2341
95 2499
100 100
100 106
100 114
100 121
100 130
100 138
100 148
100 158
100 169
100 180
100 192
100 205
100 219
100 234
100 250
100 267
100 286
100 305
100 326
100 348
100 372
100 397
100 424
100 453
100 483
100 516
100 551
100 589
100 629
100 671
100 717
100 766
100 818
100 873
100 933
100 996
100 1064
100 1136
100 1213
100 1296
100 1384
100 1478
100 1578
100 1685
100 1800
100 1922
100 2052
100 2192
100 2341
100 2499
105 100
105 106
105 114
105 121
105 130
105 138
105 148
105 158
105 169
105 180
105 192
105 205
105 219
105 234
105 250
105 267
105 286
105 305
105 326
105 348
105 372
105 397
105 424
105 453
105 483
105 516
105 551
105 589
105 629
105 671
105 717
105 766
105 818
105 873
105 933
105 996
105 1064
105 1136
105 1213
105 1296
105 1384
105 1478
105 1578
105 1685
105 1800
105 1922
105 2052
105 2192
105 2341
105 2499
110 100
110 106
110 114
110 121
110 130
110 138
110 148
110 158
110 169
110 180
110 192
110 205
110 219
110 234
110 250
110 267
110 286
110 305
110 326
110 348
110 372
110 397
110 424
110 453
110 483
110 516
110 551
110 589
110 629
110 671
110 717
110 766
110 818
110 873
110 933
110 996
110 1064
110 1136
110 1213
110 1296
110 1384
110 1478
110 1578
110 1685
110 1800
110 1922
110 2052
110 2192
110 2341
110 2499
115 100
115 106
115 114
115 121
115 130
115 138
115 148
115 158
115 169
115 180
115 192
115 205
115 219
115 234
115 250
115 267
115 286
115 305
115 326
115 348
115 372
115 397
115 424
115 453
115 483
115 516
115 551
115 589
115 629
115 671
115 717
115 766
115 818
115 873
115 933
115 996
115 1064
115 1136
115 1213
115 1296
115 1384
115 1478
115 1578
115 1685
115 1800
115 1922
115 2052
115 2192
115 2341
115 2499
120 100
120 106
120 114
120 121
120 130
120 138
120 148
120 158
120 169
120 180
120 192
120 205
120 219
120 234
120 250
120 267
120 286
120 305
120 326
120 348
120 372
120 397
120 424
120 453
120 483
120 516
120 551
120 589
120 629
120 671
120 717
120 766
120 818
120 873
120 933
120 996
120 1064
120 1136
120 1213
120 1296
120 1384
120 1478
120 1578
120 1685
120 1800
120 1922
120 2052
120 2192
120 2341
120 2499
125 100
125 106
125 114
125 121
125 130
125 138
125 148
125 158
125 169
125 180
125 192
125 205
125 219
125 234
125 250
125 267
125 286
125 305
125 326
125 348
125 372
125 397
125 424
125 453
125 483
125 516
125 551
125 589
125 629
125 671
125 717
125 766
125 818
125 873
125 933
125 996
125 1064
125 1136
125 1213
125 1296
125 1384
125 1478
125 1578
125 1685
125 1800
125 1922
125 2052
125 2192
125 2341
125 2499
130 100
130 106
130 114
130 121
130 130
130 138
130 148
130 158
130 169
130 180
130 192
130 205
130 219
130 234
130 250
130 267
130 286
130 305
130 326
130 348
130 372
130 397
130 424
130 453
130 483
130 516
130 551
130 589
130 629
130 671
130 717
130 766
130 818
130 873
130 933
130 996
130 1064
130 1136
130 1213
130 1296
130 1384
130 1478
130 1578
130 1685
130 1800
130 1922
130 2052
130 2192
130 2341
130 2499
135 100
135 106
135 114
135 121
135 130
135 138
135 148
135 158
135 169
135 180
135 192
135 205
135 219
135 234
135 250
135 267
135 286
135 305
135 326
135 348
135 372
135 397
135 424
135 453
135 483
135 516
135 551
135 589
135 629
135 671
135 717
135 766
135 818
135 873
135 933
135 996
135 1064
135 1136
135 1213
135 1296
135 1384
135 1478
135 1578
135 1685
135 1800
135 1922
135 2052
135 2192
135 2341
135 2499
140 100
140 106
140 114
140 121
140 130
140 138
140 148
140 158
140 169
140 180
140 192
140 205
140 219
140 234
140 250
140 267
140 286
140 305
140 326
140 348
140 372
140 397
140 424
140 453
140 483
140 516
140 551
140 589
140 629
140 671
140 717
140 766
140 818
140 873
140 933
140 996
140 1064
140 1136
140 1213
140 1296
140 1384
140 1478
140 1578
140 1685
140 1800
140 1922
140 2052
140 2192
140 2341
140 2499
145 100
145 106
145 114
145 121
145 130
145 138
145 148
145 158
145 169
145 180
145 192
145 205
145 219
145 234
145 250
145 267
145 286
145 305
145 326
145 348
145 372
145 397
145 424
145 453
145 483
145 516
145 551
145 589
145 629
145 671
145 717
145 766
145 818
145 873
145 933
145 996
145 1064
145 1136
145 1213
145 1296
145 1384
145 1478
145 1578
145 1685
145 1800
145 1922
145 2052
145 2192
145 2341
145 2499
150 100
150 106
150 114
150 121
150 130
150 138
150 148
150 158
150 169
150 180
150 192
150 205
150 219
150 234
150 250
150 267
150 286
150 305
150 326
150 348
150 372
150 397
150 424
150 453
150 483
150 516
150 551
150 589
150 629
150 671
150 717
150 766
150 818
150 873
150 933
150 996
150 1064
150 1136
150 1213
150 1296
150 1384
150 1478
150 1578
150 1685
150 1800
150 1922
150 2052
150 2192
150 2341
150 2499
155 100
155 106
155 114
155 121
155 130
155 138
155 148
155 158
155 169
155 180
155 192
155 205
155 219
155 234
155 250
155 267
155 286
155 305
155 326
155 348
155 372
155 397
155 424
155 453
155 483
155 516
155 551
155 589
155 629
155 671
155 717
155 766
155 818
155 873
155 933
155 996
155 1064
155 1136
155 1213
155 1296
155 1384
155 1478
155 1578
155 1685
155 1800
155 1922
155 2052
155 2192
155 2341
155 2499
160 100
160 106
160 114
160 121
160 130
160 138
160 148
160 158
160 169
160 180
160 192
160 205
160 219
160 234
160 250
160 267
160 286
160 305
160 326
160 348
160 372
160 397
160 424
160 453
160 483
160 516
160 551
160 589
160 629
160 671
160 717
160 766
160 818
160 873
160 933
160 996
160 1064
160 1136
160 1213
160 1296
160 1384
160 1478
160 1578
160 1685
160 1800
160 1922
160 2052
160 2192
160 2341
160 2499
165 100
165 106
165 114
165 121
165 130
165 138
165 148
165 158
165 169
165 180
165 192
165 205
165 219
165 234
165 250
165 267
165 286
165 305
165 326
165 348
165 372
165 397
165 424
165 453
165 483
165 516
165 551
165 589
165 629
165 671
165 717
165 766
165 818
165 873
165 933
165 996
165 1064
165 1136
165 1213
165 1296
165 1384
165 1478
165 1578
165 1685
165 1800
165 1922
165 2052
165 2192
165 2341
165 2499
170 100
170 106
170 114
170 121
170 130
170 138
170 148
170 158
170 169
170 180
170 192
170 205
170 219
170 234
170 250
170 267
170 286
170 305
170 326
170 348
170 372
170 397
170 424
170 453
170 483
170 516
170 551
170 589
170 629
170 671
170 717
170 766
170 818
170 873
170 933
170 996
170 1064
170 1136
170 1213
170 1296
170 1384
170 1478
170 1578
170 1685
170 1800
170 1922
170 2052
170 2192
170 2341
170 2499
175 100
175 106
175 114
175 121
175 130
175 138
175 148
175 158
175 169
175 180
175 192
175 205
175 219
175 234
175 250
175 267
175 286
175 305
175 326
175 348
175 372
175 397
175 424
175 453
175 483
175 516
175 551
175 589
175 629
175 671
175 717
175 766
175 818
175 873
175 933
175 996
175 1064
175 1136
175 1213
175 1296
175 1384
175 1478
175 1578
175 1685
175 1800
175 1922
175 2052
175 2192
175 2341
175 2499
180 100
180 106
180 114
180 121
180 130
180 138
180 148
180 158
180 169
180 180
180 192
180 205
180 219
180 234
180 250
180 267
180 286
180 305
180 326
180 348
180 372
180 397
180 424
180 453
180 483
180 516
180 551
180 589
180 629
180 671
180 717
180 766
180 818
180 873
180 933
180 996
180 1064
180 1136
180 1213
180 1296
180 1384
180 1478
180 1578
180 1685
180 1800
180 1922
180 2052
180 2192
180 2341
180 2499
185 100
185 106
185 114
185 121
185 130
185 138
185 148
185 158
185 169
185 180
185 192
185 205
185 219
185 234
185 250
185 267
185 286
185 305
185 326
185 348
185 372
185 397
185 424
185 453
185 483
185 516
185 551
185 589
185 629
185 671
185 717
185 766
185 818
185 873
185 933
185 996
185 1064
185 1136
185 1213
185 1296
185 1384
185 1478
185 1578
185 1685
185 1800
185 1922
185 2052
185 2192
185 2341
185 2499
190 100
190 106
190 114
190 121
190 130
190 138
190 148
190 158
190 169
190 180
190 192
190 205
190 219
190 234
190 250
190 267
190 286
190 305
190 326
190 348
190 372
190 397
190 424
190 453
190 483
190 516
190 551
190 589
190 629
190 671
190 717
190 766
190 818
190 873
190 933
190 996
190 1064
190 1136
190 1213
190 1296
190 1384
190 1478
190 1578
190 1685
190 1800
190 1922
190 2052
190 2192
190 2341
190 2499
195 100
195 106
195 114
195 121
195 130
195 138
195 148
195 158
195 169
195 180
195 192
195 205
195 219
195 234
195 250
195 267
195 286
195 305
195 326
195 348
195 372
195 397
195 424
195 453
195 483
195 516
195 551
195 589
195 629
195 671
195 717
195 766
195 818
195 873
195 933
195 996
195 1064
195 1136
195 1213
195 1296
195 1384
195 1478
195 1578
195 1685
195 1800
195 1922
195 2052
195 2192
195 2341
195 2499
200 100
200 106
200 114
200 121
200 130
200 138
200 148
200 158
200 169
200 180
200 192
200 205
200 219
200 234
200 250
200 267
200 286
200 305
200 326
200 348
200 372
200 397
200 424
200 453
200 483
200 516
200 551
200 589
200 629
200 671
200 717
200 766
200 818
200 873
200 933
200 996
200 1064
200 1136
200 1213
200 1296
200 1384
200 1478
200 1578
200 1685
200 1800
200 1922
200 2052
200 2192
200 2341
200 2499
205 100
205 106
205 114
205 121
205 130
205 138
205 148
205 158
205 169
205 180
205 192
205 205
205 219
205 234
205 250
205 267
205 286
205 305
205 326
205 348
205 372
205 397
205 424
205 453
205 483
205 516
205 551
205 589
205 629
205 671
205 717
205 766
205 818
205 873
205 933
205 996
205 1064
205 1136
205 1213
205 1296
205 1384
205 1478
205 1578
205 1685
205 1800
205 1922
205 2052
205 2192
205 2341
205 2499
210 100
210 106
210 114
210 121
210 130
210 138
210 148
210 158
210 169
210 180
210 192
210 205
210 219
210 234
210 250
210 267
210 286
210 305
210 326
210 348
210 372
210 397
210 424
210 453
210 483
210 516
210 551
210 589
210 629
210 671
210 717
210 766
210 818
210 873
210 933
210 996
210 1064
210 1136
210 1213
210 1296
210 1384
210 1478
210 1578
210 1685
210 1800
210 1922
210 2052
210 2192
210 2341
210 2499
215 100
215 106
215 114
215 121
215 130
215 138
215 148
215 158
215 169
215 180
215 192
215 205
215 219
215 234
215 250
215 267
215 286
215 305
215 326
215 348
215 372
215 397
215 424
215 453
215 483
215 516
215 551
215 589
215 629
215 671
215 717
215 766
215 818
215 873
215 933
215 996
215 1064
215 1136
215 1213
215 1296
215 1384
215 1478
215 1578
215 1685
215 1800
215 1922
215 2052
215 2192
215 2341
215 2499
220 100
220 106
220 114
220 121
220 130
220 138
220 148
220 158
220 169
220 180
220 192
220 205
220 219
220 234
220 250
220 267
220 286
220 305
220 326
220 348
220 372
220 397
220 424
220 453
220 483
220 516
220 551
220 589
220 629
220 671
220 717
220 766
220 818
220 873
220 933
220 996
220 1064
220 1136
220 1213
220 1296
220 1384
220 1478
220 1578
220 1685
220 1800
220 1922
220 2052
220 2192
220 2341
220 2499
225 100
225 106
225 114
225 121
225 130
225 138
225 148
225 158
225 169
225 180
225 192
225 205
225 219
225 234
225 250
225 267
225 286
225 305
225 326
225 348
225 372
225 397
225 424
225 453
225 483
225 516
225 551
225 589
225 629
225 671
225 717
225 766
225 818
225 873
225 933
225 996
225 1064
225 1136
225 1213
225 1296
225 1384
225 1478
225 1578
225 1685
225 1800
225 1922
225 2052
225 2192
225 2341
225 2499
230 100
230 106
230 114
230 121
230 130
230 138
230 148
230 158
230 169
230 180
230 192
230 205
230 219
230 234
230 250
230 267
230 286
230 305
230 326
230 348
230 372
230 397
230 424
230 453
230 483
230 516
230 551
230 589
230 629
230 671
230 717
230 766
230 818
230 873
230 933
230 996
230 1064
230 1136
230 1213
230 1296
230 1384
230 1478
230 1578
230 1685
230 1800
230 1922
230 2052
230 2192
230 2341
230 2499
235 100
235 106
235 114
235 121
235 130
235 138
235 148
235 158
235 169
235 180
235 192
235 205
235 219
235 234
235 250
235 267
235 286
235 305
235 326
235 348
235 372
235 397
235 424
235 453
235 483
235 516
235 551
235 589
235 629
235 671
235 717
235 766
235 818
235 873
235 933
235 996
235 1064
235 1136
235 1213
235 1296
235 1384
235 1478
235 1578
235 1685
235 1800
235 1922
235 2052
235 2192
235 2341
235 2499
240 100
240 106
240 114
240 121
240 130
240 138
240 148
240 158
240 169
240 180
240 192
240 205
240 219
240 234
240 250
240 267
240 286
240 305
240 326
240 348
240 372
240 397
240 424
240 453
240 483
240 516
240 551
240 589
240 629
240 671
240 717
240 766
240 818
240 873
240 933
240 996
240 1064
240 1136
240 1213
240 1296
240 1384
240 1478
240 1578
240 1685
240 1800
240 1922
240 2052
240 2192
240 2341
240 2499
245 100
245 106
245 114
245 121
245 130
245 138
245 148
245 158
245 169
245 180
245 192
245 205
245 219
245 234
245 250
245 267
245 286
245 305
245 326
245 348
245 372
245 397
245 424
245 453
245 483
245 516
245 551
245 589
245 629
245 671
245 717
245 766
245 818
245 873
245 933
245 996
245 1064
245 1136
245 1213
245 1296
245 1384
245 1478
245 1578
245 1685
245 1800
245 1922
245 2052
245 2192
245 2341
245 2499
250 100
250 106
250 114
250 121
250 130
250 138
250 148
250 158
250 169
250 180
250 192
250 205
250 219
250 234
250 250
250 267
250 286
250 305
250 326
250 348
250 372
250 397
250 424
250 453
250 483
250 516
250 551
250 589
250 629
250 671
250 717
250 766
250 818
250 873
250 933
250 996
250 1064
250 1136
250 1213
250 1296
250 1384
250 1478
250 1578
250 1685
250 1800
250 1922
250 2052
250 2192
250 2341
250 2499
255 100
255 106
255 114
255 121
255 130
255 138
255 148
255 158
255 169
255 180
255 192
255 205
255 219
255 234
255 250
255 267
255 286
255 305
255 326
255 348
255 372
255 397
255 424
255 453
255 483
255 516
255 551
255 589
255 629
255 671
255 717
255 766
255 818
255 873
255 933
255 996
255 1064
255 1136
255 1213
255 1296
255 1384
255 1478
255 1578
255 1685
255 1800
255 1922
255 2052
255 2192
255 2341
255 2499
260 100
260 106
260 114
260 121
260 130
260 138
260 148
260 158
260 169
260 180
260 192
260 205
260 219
260 234
260 250
260 267
260 286
260 305
260 326
260 348
260 372
260 397
260 424
260 453
260 483
260 516
260 551
260 589
260 629
260 671
260 717
260 766
260 818
260 873
260 933
260 996
260 1064
260 1136
260 1213
260 1296
260 1384
260 1478
260 1578
260 1685
260 1800
260 1922
260 2052
260 2192
260 2341
260 2499
265 100
265 106
265 114
265 121
265 130
265 138
265 148
265 158
265 169
265 180
265 192
265 205
265 219
265 234
265 250
265 267
265 286
265 305
265 326
265 348
265 372
265 397
265 424
265 453
265 483
265 516
265 551
265 589
265 629
265 671
265 717
265 766
265 818
265 873
265 933
265 996
265 1064
265 1136
265 1213
265 1296
265 1384
265 1478
265 1578
265 1685
265 1800
265 1922
265 2052
265 2192
265 2341
265 2499
270 100
270 106
270 114
270 121
270 130
270 138
270 148
270 158
270 169
270 180
270 192
270 205
270 219
270 234
270 250
270 267
270 286
270 305
270 326
270 348
270 372
270 397
270 424
270 453
270 483
270 516
270 551
270 589
270 629
270 671
270 717
270 766
270 818
270 873
270 933
270 996
270 1064
270 1136
270 1213
270 1296
270 1384
270 1478
270 1578
270 1685
270 1800
270 1922
270 2052
270 2192
270 2341
270 2499
275 100
275 106
275 114
275 121
275 130
275 138
275 148
275 158
275 169
275 180
275 192
275 205
275 219
275 234
275 250
275 267
275 286
275 305
275 326
275 348
275 372
275 397
275 424
275 453
275 483
275 516
275 551
275 589
275 629
275 671
275 717
275 766
275 818
275 873
275 933
275 996
275 1064
275 1136
275 1213
275 1296
275 1384
275 1478
275 1578
275 1685
275 1800
275 1922
275 2052
275 2192
275 2341
275 2499
280 100
280 106
280 114
280 121
280 130
280 138
280 148
280 158
280 169
280 180
280 192
280 205
280 219
280 234
280 250
280 267
280 286
280 305
280 326
280 348
280 372
280 397
280 424
280 453
280 483
280 516
280 551
280 589
280 629
280 671
280 717
280 766
280 818
280 873
280 933
280 996
280 1064
280 1136
280 1213
280 1296
280 1384
280 1478
280 1578
280 1685
280 1800
280 1922
280 2052
280 2192
280 2341
280 2499
285 100
285 106
285 114
285 121
285 130
285 138
285 148
285 158
285 169
285 180
285 192
285 205
285 219
285 234
285 250
285 267
285 286
285 305
285 326
285 348
285 372
285 397
285 424
285 453
285 483
285 516
285 551
285 589
285 629
285 671
285 717
285 766
285 818
285 873
285 933
285 996
285 1064
285 1136
285 1213
285 1296
285 1384
285 1478
285 1578
285 1685
285 1800
285 1922
285 2052
285 2192
285 2341
285 2499
290 100
290 106
290 114
290 121
290 130
290 138
290 148
290 158
290 169
290 180
290 192
290 205
290 219
290 234
290 250
290 267
290 286
290 305
290 326
290 348
290 372
290 397
290 424
290 453
290 483
290 516
290 551
290 589
290 629
290 671
290 717
290 766
290 818
290 873
290 933
290 996
290 1064
290 1136
290 1213
290 1296
290 1384
290 1478
290 1578
290 1685
290 1800
290 1922
290 2052
290 2192
290 2341
290 2499
295 100
295 106
295 114
295 121
295 130
295 138
295 148
295 158
295 169
295 180
295 192
295 205
295 219
295 234
295 250
295 267
295 286
295 305
295 326
295 348
295 372
295 397
295 424
295 453
295 483
295 516
295 551
295 589
295 629
295 671
295 717
295 766
295 818
295 873
295 933
295 996
295 1064
295 1136
295 1213
295 1296
295 1384
295 1478
295 1578
295 1685
295 1800
295 1922
295 2052
295 2192
295 2341
295 2499
300 100
300 106
300 114
300 121
300 130
300 138
300 148
300 158
300 169
300 180
300 192
300 205
300 219
300 234
300 250
300 267
300 286
300 305
300 326
300 348
300 372
300 397
300 424
300 453
300 483
300 516
300 551
300 589
300 629
300 671
300 717
300 766
300 818
300 873
300 933
300 996
300 1064
300 1136
300 1213
300 1296
300 1384
300 1478
300 1578
300 1685
300 1800
300 1922
300 2052
300 2192
300 2341
300 2499
305 100
305 106
305 114
305 121
305 130
305 138
305 148
305 158
305 169
305 180
305 192
305 205
305 219
305 234
305 250
305 267
305 286
305 305
305 326
305 348
305 372
305 397
305 424
305 453
305 483
305 516
305 551
305 589
305 629
305 671
305 717
305 766
305 818
305 873
305 933
305 996
305 1064
305 1136
305 1213
305 1296
305 1384
305 1478
305 1578
305 1685
305 1800
305 1922
305 2052
305 2192
305 2341
305 2499
310 100
310 106
310 114
310 121
310 130
310 138
310 148
310 158
310 169
310 180
310 192
310 205
310 219
310 234
310 250
310 267
310 286
310 305
310 326
310 348
310 372
310 397
310 424
310 453
310 483
310 516
310 551
310 589
310 629
310 671
310 717
310 766
310 818
310 873
310 933
310 996
310 1064
310 1136
310 1213
310 1296
310 1384
310 1478
310 1578
310 1685
310 1800
310 1922
310 2052
310 2192
310 2341
310 2499
315 100
315 106
315 114
315 121
315 130
315 138
315 148
315 158
315 169
315 180
315 192
315 205
315 219
315 234
315 250
315 267
315 286
315 305
315 326
315 348
315 372
315 397
315 424
315 453
315 483
315 516
315 551
315 589
315 629
315 671
315 717
315 766
315 818
315 873
315 933
315 996
315 1064
315 1136
315 1213
315 1296
315 1384
315 1478
315 1578
315 1685
315 1800
315 1922
315 2052
315 2192
315 2341
315 2499
320 100
320 106
320 114
320 121
320 130
320 138
320 148
320 158
320 169
320 180
320 192
320 205
320 219
320 234
320 250
320 267
320 286
320 305
320 326
320 348
320 372
320 397
320 424
320 453
320 483
320 516
320 551
320 589
320 629
320 671
320 717
320 766
320 818
320 873
320 933
320 996
320 1064
320 1136
320 1213
320 1296
320 1384
320 1478
320 1578
320 1685
320 1800
320 1922
320 2052
320 2192
320 2341
320 2499
325 100
325 106
325 114
325 121
325 130
325 138
325 148
325 158
325 169
325 180
325 192
325 205
325 219
325 234
325 250
325 267
325 286
325 305
325 326
325 348
325 372
325 397
325 424
325 453
325 483
325 516
325 551
325 589
325 629
325 671
325 717
325 766
325 818
325 873
325 933
325 996
325 1064
325 1136
325 1213
325 1296
325 1384
325 1478
325 1578
325 1685
325 1800
325 1922
325 2052
325 2192
325 2341
325 2499
330 100
330 106
330 114
330 121
330 130
330 138
330 148
330 158
330 169
330 180
330 192
330 205
330 219
330 234
330 250
330 267
330 286
330 305
330 326
330 348
330 372
330 397
330 424
330 453
330 483
330 516
330 551
330 589
330 629
330 671
330 717
330 766
330 818
330 873
330 933
330 996
330 1064
330 1136
330 1213
330 1296
330 1384
330 1478
330 1578
330 1685
330 1800
330 1922
330 2052
330 2192
330 2341
330 2499
335 100
335 106
335 114
335 121
335 130
335 138
335 148
335 158
335 169
335 180
335 192
335 205
335 219
335 234
335 250
335 267
335 286
335 305
335 326
335 348
335 372
335 397
335 424
335 453
335 483
335 516
335 551
335 589
335 629
335 671
335 717
335 766
335 818
335 873
335 933
335 996
335 1064
335 1136
335 1213
335 1296
335 1384
335 1478
335 1578
335 1685
335 1800
335 1922
335 2052
335 2192
335 2341
335 2499
340 100
340 106
340 114
340 121
340 130
340 138
340 148
340 158
340 169
340 180
340 192
340 205
340 219
340 234
340 250
340 267
340 286
340 305
340 326
340 348
340 372
340 397
340 424
340 453
340 483
340 516
340 551
340 589
340 629
340 671
340 717
340 766
340 818
340 873
340 933
340 996
340 1064
340 1136
340 1213
340 1296
340 1384
340 1478
340 1578
340 1685
340 1800
340 1922
340 2052
340 2192
340 2341
340 2499
345 100
345 106
345 114
345 121
345 130
345 138
345 148
345 158
345 169
345 180
345 192
345 205
345 219
345 234
345 250
345 267
345 286
345 305
345 326
345 348
345 372
345 397
345 424
345 453
345 483
345 516
345 551
345 589
345 629
345 671
345 717
345 766
345 818
345 873
345 933
345 996
345 1064
345 1136
345 1213
345 1296
345 1384
345 1478
345 1578
345 1685
345 1800
345 1922
345 2052
345 2192
345 2341
345 2499
350 100
350 106
350 114
350 121
350 130
350 138
350 148
350 158
350 169
350 180
350 192
350 205
350 219
350 234
350 250
350 267
350 286
350 305
350 326
350 348
350 372
350 397
350 424
350 453
350 483
350 516
350 551
350 589
350 629
350 671
350 717
350 766
350 818
350 873
350 933
350 996
350 1064
350 1136
350 1213
350 1296
350 1384
350 1478
350 1578
350 1685
350 1800
350 1922
350 2052
350 2192
350 2341
350 2499
355 100
355 106
355 114
355 121
355 130
355 138
355 148
355 158
355 169
355 180
355 192
355 205
355 219
355 234
355 250
355 267
355 286
355 305
355 326
355 348
355 372
355 397
355 424
355 453
355 483
355 516
355 551
355 589
355 629
355 671
355 717
355 766
355 818
355 873
355 933
355 996
355 1064
355 1136
355 1213
355 1296
355 1384
355 1478
355 1578
355 1685
355 1800
355 1922
355 2052
355 2192
355 2341
355 2499
360 100
360 106
360 114
360 121
360 130
360 138
360 148
360 158
360 169
360 180
360 192
360 205
360 219
360 234
360 250
360 267
360 286
360 305
360 326
360 348
360 372
360 397
360 424
360 453
360 483
360 516
360 551
360 589
360 629
360 671
360 717
360 766
360 818
360 873
360 933
360 996
360 1064
360 1136
360 1213
360 1296
360 1384
360 1478
360 1578
360 1685
360 1800
360 1922
360 2052
360 2192
360 2341
360 2499
365 100
365 106
365 114
365 121
365 130
365 138
365 148
365 158
365 169
365 180
365 192
365 205
365 219
365 234
365 250
365 267
365 286
365 305
365 326
365 348
365 372
365 397
365 424
365 453
365 483
365 516
365 551
365 589
365 629
365 671
365 717
365 766
365 818
365 873
365 933
365 996
365 1064
365 1136
365 1213
365 1296
365 1384
365 1478
365 1578
365 1685
365 1800
365 1922
365 2052
365 2192
365 2341
365 2499
370 100
370 106
370 114
370 121
370 130
370 138
370 148
370 158
370 169
370 180
370 192
370 205
370 219
370 234
370 250
370 267
370 286
370 305
370 326
370 348
370 372
370 397
370 424
370 453
370 483
370 516
370 551
370 589
370 629
370 671
370 717
370 766
370 818
370 873
370 933
370 996
370 1064
370 1136
370 1213
370 1296
370 1384
370 1478
370 1578
370 1685
370 1800
370 1922
370 2052
370 2192
370 2341
370 2499
375 100
375 106
375 114
375 121
375 130
375 138
375 148
375 158
375 169
375 180
375 192
375 205
375 219
375 234
375 250
375 267
375 286
375 305
375 326
375 348
375 372
375 397
375 424
375 453
375 483
375 516
375 551
375 589
375 629
375 671
375 717
375 766
375 818
375 873
375 933
375 996
375 1064
375 1136
375 1213
375 1296
375 1384
375 1478
375 1578
375 1685
375 1800
375 1922
375 2052
375 2192
375 2341
375 2499
380 100
380 106
380 114
380 121
380 130
380 138
380 148
380 158
380 169
380 180
380 192
380 205
380 219
380 234
380 250
380 267
380 286
380 305
380 326
380 348
380 372
380 397
380 424
380 453
380 483
380 516
380 551
380 589
380 629
380 671
380 717
380 766
380 818
380 873
380 933
380 996
380 1064
380 1136
380 1213
380 1296
380 1384
380 1478
380 1578
380 1685
380 1800
380 1922
380 2052
380 2192
380 2341
380 2499
385 100
385 106
385 114
385 121
385 130
385 138
385 148
385 158
385 169
385 180
385 192
385 205
385 219
385 234
385 250
385 267
385 286
385 305
385 326
385 348
385 372
385 397
385 424
385 453
385 483
385 516
385 551
385 589
385 629
385 671
385 717
385 766
385 818
385 873
385 933
385 996
385 1064
385 1136
385 1213
385 1296
385 1384
385 1478
385 1578
385 1685
385 1800
385 1922
385 2052
385 2192
385 2341
385 2499
390 100
390 106
390 114
390 121
390 130
390 138
390 148
390 158
390 169
390 180
390 192
390 205
390 219
390 234
390 250
390 267
390 286
390 305
390 326
390 348
390 372
390 397
390 424
390 453
390 483
390 516
390 551
390 589
390 629
390 671
390 717
390 766
390 818
390 873
390 933
390 996
390 1064
390 1136
390 1213
390 1296
390 1384
390 1478
390 1578
390 1685
390 1800
390 1922
390 2052
390 2192
390 2341
390 2499
395 100
395 106
395 114
395 121
395 130
395 138
395 148
395 158
395 169
395 180
395 192
395 205
395 219
395 234
395 250
395 267
395 286
395 305
395 326
395 348
395 372
395 397
395 424
395 453
395 483
395 516
395 551
395 589
395 629
395 671
395 717
395 766
395 818
395 873
395 933
395 996
395 1064
395 1136
395 1213
395 1296
395 1384
395 1478
395 1578
395 1685
395 1800
395 1922
395 2052
395 2192
395 2341
395 2499
400 100
400 106
400 114
400 121
400 130
400 138
400 148
400 158
400 169
400 180
400 192
400 205
400 219
400 234
400 250
400 267
400 286
400 305
400 326
400 348
400 372
400 397
400 424
400 453
400 483
400 516
400 551
400 589
400 629
400 671
400 717
400 766
400 818
400 873
400 933
400 996
400 1064
400 1136
400 1213
400 1296
400 1384
400 1478
400 1578
400 1685
400 1800
400 1922
400 2052
400 2192
400 2341
400 2499
405 100
405 106
405 114
405 121
405 130
405 138
405 148
405 158
405 169
405 180
405 192
405 205
405 219
405 234
405 250
405 267
405 286
405 305
405 326
405 348
405 372
405 397
405 424
405 453
405 483
405 516
405 551
405 589
405 629
405 671
405 717
405 766
405 818
405 873
405 933
405 996
405 1064
405 1136
405 1213
405 1296
405 1384
405 1478
405 1578
405 1685
405 1800
405 1922
405 2052
405 2192
405 2341
405 2499
410 100
410 106
410 114
410 121
410 130
410 138
410 148
410 158
410 169
410 180
410 192
410 205
410 219
410 234
410 250
410 267
410 286
410 305
410 326
410 348
410 372
410 397
410 424
410 453
410 483
410 516
410 551
410 589
410 629
410 671
410 717
410 766
410 818
410 873
410 933
410 996
410 1064
410 1136
410 1213
410 1296
410 1384
410 1478
410 1578
410 1685
410 1800
410 1922
410 2052
410 2192
410 2341
410 2499
415 100
415 106
415 114
415 121
415 130
415 138
415 148
415 158
415 169
415 180
415 192
415 205
415 219
415 234
415 250
415 267
415 286
415 305
415 326
415 348
415 372
415 397
415 424
415 453
415 483
415 516
415 551
415 589
415 629
415 671
415 717
415 766
415 818
415 873
415 933
415 996
415 1064
415 1136
415 1213
415 1296
415 1384
415 1478
415 1578
415 1685
415 1800
415 1922
415 2052
415 2192
415 2341
415 2499
420 100
420 106
420 114
420 121
420 130
420 138
420 148
420 158
420 169
420 180
420 192
420 205
420 219
420 234
420 250
420 267
420 286
420 305
420 326
420 348
420 372
420 397
420 424
420 453
420 483
420 516
420 551
420 589
420 629
420 671
420 717
420 766
420 818
420 873
420 933
420 996
420 1064
420 1136
420 1213
420 1296
420 1384
420 1478
420 1578
420 1685
420 1800
420 1922
420 2052
420 2192
420 2341
420 2499
425 100
425 106
425 114
425 121
425 130
425 138
425 148
425 158
425 169
425 180
425 192
425 205
425 219
425 234
425 250
425 267
425 286
425 305
425 326
425 348
425 372
425 397
425 424
425 453
425 483
425 516
425 551
425 589
425 629
425 671
425 717
425 766
425 818
425 873
425 933
425 996
425 1064
425 1136
425 1213
425 1296
425 1384
425 1478
425 1578
425 1685
425 1800
425 1922
425 2052
425 2192
425 2341
425 2499
430 100
430 106
430 114
430 121
430 130
430 138
430 148
430 158
430 169
430 180
430 192
430 205
430 219
430 234
430 250
430 267
430 286
430 305
430 326
430 348
430 372
430 397
430 424
430 453
430 483
430 516
430 551
430 589
430 629
430 671
430 717
430 766
430 818
430 873
430 933
430 996
430 1064
430 1136
430 1213
430 1296
430 1384
430 1478
430 1578
430 1685
430 1800
430 1922
430 2052
430 2192
430 2341
430 2499
435 100
435 106
435 114
435 121
435 130
435 138
435 148
435 158
435 169
435 180
435 192
435 205
435 219
435 234
435 250
435 267
435 286
435 305
435 326
435 348
435 372
435 397
435 424
435 453
435 483
435 516
435 551
435 589
435 629
435 671
435 717
435 766
435 818
435 873
435 933
435 996
435 1064
435 1136
435 1213
435 1296
435 1384
435 1478
435 1578
435 1685
435 1800
435 1922
435 2052
435 2192
435 2341
435 2499
440 100
440 106
440 114
440 121
440 130
440 138
440 148
440 158
440 169
440 180
440 192
440 205
440 219
440 234
440 250
440 267
440 286
440 305
440 326
440 348
440 372
440 397
440 424
440 453
440 483
440 516
440 551
440 589
440 629
440 671
440 717
440 766
440 818
440 873
440 933
440 996
440 1064
440 1136
440 1213
440 1296
440 1384
440 1478
440 1578
440 1685
440 1800
440 1922
440 2052
440 2192
440 2341
440 2499
445 100
445 106
445 114
445 121
445 130
445 138
445 148
445 158
445 169
445 180
445 192
445 205
445 219
445 234
445 250
445 267
445 286
445 305
445 326
445 348
445 372
445 397
445 424
445 453
445 483
445 516
445 551
445 589
445 629
445 671
445 717
445 766
445 818
445 873
445 933
445 996
445 1064
445 1136
445 1213
445 1296
445 1384
445 1478
445 1578
445 1685
445 1800
445 1922
445 2052
445 2192
445 2341
445 2499
450 100
450 106
450 114
450 121
450 130
450 138
450 148
450 158
450 169
450 180
450 192
450 205
450 219
450 234
450 250
450 267
450 286
450 305
450 326
450 348
450 372
450 397
450 424
450 453
450 483
450 516
450 551
450 589
450 629
450 671
450 717
450 766
450 818
450 873
450 933
450 996
450 1064
450 1136
450 1213
450 1296
450 1384
450 1478
450 1578
450 1685
450 1800
450 1922
450 2052
450 2192
450 2341
450 2499
455 100
455 106
455 114
455 121
455 130
455 138
455 148
455 158
455 169
455 180
455 192
455 205
455 219
455 234
455 250
455 267
455 286
455 305
455 326
455 348
455 372
455 397
455 424
455 453
455 483
455 516
455 551
455 589
455 629
455 671
455 717
455 766
455 818
455 873
455 933
455 996
455 1064
455 1136
455 1213
455 1296
455 1384
455 1478
455 1578
455 1685
455 1800
455 1922
455 2052
455 2192
455 2341
455 2499
460 100
460 106
460 114
460 121
460 130
460 138
460 148
460 158
460 169
460 180
460 192
460 205
460 219
460 234
460 250
460 267
460 286
460 305
460 326
460 348
460 372
460 397
460 424
460 453
460 483
460 516
460 551
460 589
460 629
460 671
460 717
460 766
460 818
460 873
460 933
460 996
460 1064
460 1136
460 1213
460 1296
460 1384
460 1478
460 1578
460 1685
460 1800
460 1922
460 2052
460 2192
460 2341
460 2499
465 100
465 106
465 114
465 121
465 130
465 138
465 148
465 158
465 169
465 180
465 192
465 205
465 219
465 234
465 250
465 267
465 286
465 305
465 326
465 348
465 372
465 397
465 424
465 453
465 483
465 516
465 551
465 589
465 629
465 671
465 717
465 766
465 818
465 873
465 933
465 996
465 1064
465 1136
465 1213
465 1296
465 1384
465 1478
465 1578
465 1685
465 1800
465 1922
465 2052
465 2192
465 2341
465 2499
470 100
470 106
470 114
470 121
470 130
470 138
470 148
470 158
470 169
470 180
470 192
470 205
470 219
470 234
470 250
470 267
470 286
470 305
470 326
470 348
470 372
470 397
470 424
470 453
470 483
470 516
470 551
470 589
470 629
470 671
470 717
470 766
470 818
470 873
470 933
470 996
470 1064
470 1136
470 1213
470 1296
470 1384
470 1478
470 1578
470 1685
470 1800
470 1922
470 2052
470 2192
470 2341
470 2499
475 100
475 106
475 114
475 121
475 130
475 138
475 148
475 158
475 169
475 180
475 192
475 205
475 219
475 234
475 250
475 267
475 286
475 305
475 326
475 348
475 372
475 397
475 424
475 453
475 483
475 516
475 551
475 589
475 629
475 671
475 717
475 766
475 818
475 873
475 933
475 996
475 1064
475 1136
475 1213
475 1296
475 1384
475 1478
475 1578
475 1685
475 1800
475 1922
475 2052
475 2192
475 2341
475 2499
480 100
480 106
480 114
480 121
480 130
480 138
480 148
480 158
480 169
480 180
480 192
480 205
480 219
480 234
480 250
480 267
480 286
480 305
480 326
480 348
480 372
480 397
480 424
480 453
480 483
480 516
480 551
480 589
480 629
480 671
480 717
480 766
480 818
480 873
480 933
480 996
480 1064
480 1136
480 1213
480 1296
480 1384
480 1478
480 1578
480 1685
480 1800
480 1922
480 2052
480 2192
480 2341
480 2499
485 100
485 106
485 114
485 121
485 130
485 138
485 148
485 158
485 169
485 180
485 192
485 205
485 219
485 234
485 250
485 267
485 286
485 305
485 326
485 348
485 372
485 397
485 424
485 453
485 483
485 516
485 551
485 589
485 629
485 671
485 717
485 766
485 818
485 873
485 933
485 996
485 1064
485 1136
485 1213
485 1296
485 1384
485 1478
485 1578
485 1685
485 1800
485 1922
485 2052
485 2192
485 2341
485 2499
490 100
490 106
490 114
490 121
490 130
490 138
490 148
490 158
490 169
490 180
490 192
490 205
490 219
490 234
490 250
490 267
490 286
490 305
490 326
490 348
490 372
490 397
490 424
490 453
490 483
490 516
490 551
490 589
490 629
490 671
490 717
490 766
490 818
490 873
490 933
490 996
490 1064
490 1136
490 1213
490 1296
490 1384
490 1478
490 1578
490 1685
490 1800
490 1922
490 2052
490 2192
490 2341
490 2499
495 100
495 106
495 114
495 121
495 130
495 138
495 148
495 158
495 169
495 180
495 192
495 205
495 219
495 234
495 250
495 267
495 286
495 305
495 326
495 348
495 372
495 397
495 424
495 453
495 483
495 516
495 551
495 589
495 629
495 671
495 717
495 766
495 818
495 873
495 933
495 996
495 1064
495 1136
495 1213
495 1296
495 1384
495 1478
495 1578
495 1685
495 1800
495 1922
495 2052
495 2192
495 2341
495 2499
500 100
500 106
500 114
500 121
500 130
500 138
500 148
500 158
500 169
500 180
500 192
500 205
500 219
500 234
500 250
500 267
500 286
500 305
500 326
500 348
500 372
500 397
500 424
500 453
500 483
500 516
500 551
500 589
500 629
500 671
500 717
500 766
500 818
500 873
500 933
500 996
500 1064
500 1136
500 1213
500 1296
500 1384
500 1478
500 1578
500 1685
500 1800
500 1922
500 2052
500 2192
500 2341
500 2499
