100.0
102.0
104.0
106.1
108.2
110.3
112.5
114.8
117.0
119.4
121.7
124.1
126.6
129.1
131.7
134.3
137.0
139.7
142.5
145.3
148.2
151.1
154.1
157.2
160.3
163.5
166.7
170.0
173.4
176.8
180.4
183.9
187.6
191.3
195.1
199.0
202.9
207.0
211.1
215.3
219.5
223.9
228.3
232.9
237.5
242.2
247.0
251.9
256.9
262.0
267.2
272.5
277.9
283.5
289.1
294.8
300.7
306.6
312.7
318.9
325.3
331.7
338.3
345.0
351.9
358.9
366.0
373.3
380.7
388.2
395.9
403.8
411.8
420.0
428.3
436.8
445.5
454.3
463.4
472.6
482.0
491.5
501.3
511.2
521.4
531.7
542.3
553.1
564.0
575.2
586.6
598.3
610.2
622.3
634.6
647.2
660.1
673.2
686.6
700.2
714.1
728.3
742.7
757.5
772.5
787.8
803.5
819.4
835.7
852.3
869.2
886.5
904.1
922.0
940.3
959.0
978.0
997.5
1017.3
1037.4
1058.0
1079.1
1100.5
1122.3
1144.6
1167.3
1190.5
1214.1
1238.2
1262.8
1287.9
1313.5
1339.5
1366.1
1393.3
1420.9
1449.1
1477.9
1507.2
1537.2
1567.7
1598.8
1630.5
1662.9
1695.9
1729.6
1763.9
1798.9
1834.7
1871.1
1908.2
1946.1
1984.7
2024.2
2064.3
2105.3
2147.1
2189.7
2233.2
2277.6
2322.8
2368.9
2415.9
2463.9
2512.8
2562.7
2613.6
2665.4
2718.4
2772.3
2827.4
2883.5
2940.7
2999.1
3058.7
3119.4
3181.3
3244.5
3308.9
3374.6
3441.6
3509.9
3579.6
3650.6
3723.1
3797.0
3872.4
3949.3
4027.7
4107.7
4189.2
4272.4
4357.2
4443.7
4531.9
4621.9
4713.7
4807.2
4902.7
5000.0
